375.99
369.79
582.45
446.85
520.38
237.65
227.20
478.21
288.36
303.05
722.33
222.19
177.97
446.98
541.53
478.63
496.59
562.49
534.31
590.93
345.21
335.61
395.99
290.42
750.00
558.24
356.48
586.45
512.36
576.41
636.63
381.12
712.68
177.10
100.00
452.44
178.15
489.37
547.17
389.09
565.33
438.13
327.55
403.63
100.00
296.08
293.60
387.63
522.72
613.32
380.40
675.86
450.97
550.07
221.33
227.70
376.97
368.60
377.40
429.76
480.91
670.29
427.77
646.91
501.88
641.00
379.97
387.13
427.91
173.44
424.85
430.05
617.79
306.75
689.49
737.77
284.34
172.91
302.30
493.27
508.68
142.39
637.68
484.68
660.84
338.81
446.42
137.03
393.83
503.92
101.67
448.01
499.00
681.37
293.75
524.32
750.00
143.13
143.66
474.49
401.36
452.54
636.59
511.55
392.15
432.63
413.09
188.95
237.50
750.00
385.45
552.20
446.81
750.00
222.17
119.50
518.79
456.02
541.41
455.41
188.80
504.56
515.90
535.90
581.82
695.95
736.17
247.26
428.25
306.03
457.22
652.83
471.71
450.00
585.65
185.18
490.24
315.45
316.31
517.89
535.73
403.69
333.01
516.45
245.11
524.50
665.13
544.12
330.33
746.75
431.04
253.55
560.51
265.62
578.81
163.23
478.38
333.96
100.00
476.74
667.42
161.52
351.64
554.43
481.45
100.00
308.43
732.64
434.19
197.66
217.73
750.00
453.21
453.97
557.89
448.50
538.63
443.60
484.56
439.38
120.84
424.17
229.22
265.27
333.72
501.35
679.43
243.76
510.30
253.59
418.52
377.88
201.27
343.62
299.35
189.69
252.14
513.85
313.36
417.64
305.18
456.36
557.89
506.46
646.87
359.41
595.91
569.74
157.16
630.35
502.03
334.06
211.48
478.08
286.31
524.96
607.34
286.25
564.39
556.13
315.52
548.69
350.51
437.66
693.80
491.18
474.02
750.00
595.21
578.62
628.44
313.83
310.76
346.62
677.87
243.76
473.35
591.56
430.46
487.28
499.21
266.28
364.24
369.58
360.38
160.97
449.24
217.08
567.65
597.33
575.71
468.67
405.08
333.45
750.00
293.80
689.37
438.33
361.20
539.95
692.19
343.71
440.95
561.65
516.21
330.01
716.33
506.88
458.09
560.57
747.13
331.21
387.77
469.93
343.50
206.89
497.66
378.01
323.57
750.00
491.59
556.29
468.98
133.22
287.74
330.09
173.30
427.71
179.23
327.89
240.27
100.00
506.06
695.26
415.54
138.36
297.29
100.00
352.27
524.82
554.16
166.31
750.00
434.39
435.87
287.25
746.27
427.65
552.81
449.68
528.97
100.00
643.66
623.44
617.49
495.04
193.46
293.02
514.91
494.38
652.05
459.30
331.51
506.10
506.70
432.23
581.57
474.27
342.41
600.09
256.53
401.25
337.01
626.66
637.19
189.74
577.20
516.92
100.00
475.44
267.18
434.64
361.99
427.60
296.93
379.14
492.55
378.78
414.90
498.60
363.04
431.71
634.16
436.80
507.14
398.76
310.68
273.56
554.35
471.51
325.37
352.72
408.28
329.96
291.50
435.08
435.19
567.82
424.38
604.26
617.05
556.77
503.15
664.72
512.96
586.58
434.39
542.53
511.46
504.74
726.80
501.68
659.36
568.79
346.80
280.75
439.34
156.35
282.75
709.55
540.93
399.44
557.37
445.69
393.40
290.25
526.90
230.45
443.38
471.67
167.71
394.97
302.15
255.05
513.42
177.82
373.61
630.48
312.17
680.56
293.16
514.87
360.59
580.32
441.70
311.53
377.55
447.29
424.11
557.75
421.07
568.11
415.50
470.42
552.27
232.19
416.96
144.18
397.91
222.91
419.40
639.86
613.31
353.48
321.52
725.72
487.44
597.31
476.72
535.84
328.78
366.55
465.77
119.54
614.60
281.71
590.81
175.03
580.21
505.99
264.50
453.70
463.15
552.85
173.46
124.65
100.00
462.05
616.00
376.36
403.22
450.45
288.87
750.00
221.34
389.60
639.95
486.19
510.66
384.80
569.91
218.43
328.10
615.91
346.53
489.91
456.26
496.57
308.68
267.20
405.18
293.38
359.05
416.52
294.45
408.37
466.20
491.43
381.48
274.46
374.45
268.54
395.73
326.90
100.00
539.08
379.06
664.56
686.94
458.93
352.24
574.62
212.76
260.24
552.40
629.62
541.38
303.66
510.77
447.85
534.37
259.02
100.93
750.00
609.15
578.16
202.19
418.08
387.57
341.82
456.22
563.86
323.07
203.48
551.27
587.11
293.56
100.00
286.33
431.06
518.29
488.54
679.90
213.22
389.53
321.98
270.98
505.53
383.55
104.06
521.21
357.82
422.63
347.09
333.91
427.09
569.20
702.78
399.00
562.73
413.92
480.11
459.53
620.96
626.74
462.67
474.52
549.04
198.51
536.52
429.42
144.54
583.73
597.39
750.00
553.45
501.64
678.69
495.79
301.01
645.53
498.76
474.39
575.09
557.13
492.26
356.62
557.85
680.71
532.32
404.77
582.24
524.93
577.34
463.29
504.69
550.67
322.01
126.63
336.66
495.36
100.00
383.09
395.36
400.96
538.69
100.00
553.42
298.77
480.11
546.19
493.19
287.78
100.00
607.38
707.02
402.71
450.16
528.08
529.58
285.01
386.01
145.87
231.23
256.81
274.50
548.51
637.94
511.67
684.23
447.78
406.80
598.41
750.00
512.57
436.62
100.00
232.04
395.63
339.88
100.00
526.73
405.96
448.36
180.51
367.00
458.71
541.02
165.15
545.60
572.63
485.40
296.08
411.14
233.12
428.31
306.58
530.89
370.69
463.51
511.30
671.12
311.12
340.50
467.79
561.81
635.58
571.55
564.36
562.54
543.40
279.55
375.49
319.89
587.64
342.76
340.53
250.74
390.85
516.52
505.59
385.83
294.38
273.77
566.83
645.64
588.95
697.84
697.21
553.59
564.35
189.03
272.63
345.23
343.10
288.86
166.98
401.93
219.39
510.58
290.59
180.31
582.81
375.67
445.96
330.16
351.68
407.63
538.08
429.41
533.02
448.18
356.92
679.64
307.44
107.62
398.21
414.52
559.87
295.47
288.26
477.84
485.60
367.85
106.75
622.27
490.28
603.84
404.63
566.02
147.73
713.49
227.20
234.09
100.00
100.00
648.71
137.73
403.41
415.12
573.32
100.00
327.57
302.39
319.44
651.09
420.64
534.69
513.03
654.74
255.54
515.46
399.62
624.62
100.00
583.19
547.44
212.27
501.78
102.34
557.66
265.00
665.01
453.01
399.98
270.55
194.46
592.50
213.83
655.31
504.04
343.54
691.36
346.21
496.76
501.28
601.01
424.95
408.85
265.18
153.22
262.50
750.00
359.59
555.30
262.43
702.79
697.76
648.01
230.42
471.85
325.66
165.72
438.18
212.91
377.67
413.27
340.74
382.58
293.42
392.76
310.97
662.06
546.52
279.07
325.14
509.43
416.68
556.77
219.68
509.39
194.78
111.01
361.63
530.85
180.59
542.64
420.43
353.48
186.69
403.34
255.91
536.01
461.37
411.24
228.27
356.08
247.44
425.87
272.27
335.66
461.72
642.39
431.92
370.20
531.65
629.29
100.00
521.58
354.06
511.00
235.78
386.85
485.86
643.22
392.00
403.78
589.05
461.50
410.38
233.83
200.47
585.81
487.74
485.29
626.73
348.29
399.64
504.57
385.77
234.34
405.97
100.00
570.15
509.88
447.37
547.73
388.03
273.91
546.98
270.39
396.33
234.23
565.17
282.80
581.99
395.29
491.83
750.00
359.12
647.09
505.11
424.43
250.65
470.29
234.55
311.91
484.53
240.92
503.25
313.59
738.66
450.41
690.55
124.17
275.22
382.53
442.68
199.57
333.41
139.99
533.07
264.39
408.75
511.04
439.90
423.02
458.44
495.81
443.24
331.32
418.90
511.55
495.00
342.00
466.56
168.88
480.69
519.40
435.43
586.55
546.97
500.21
520.97
547.57
299.85
337.57
493.27
552.18
495.96
347.53
492.98
250.33
506.13
523.50
322.61
165.49
411.25
299.80
485.62
308.64
651.05
209.05
396.20
210.48
540.34
494.99
493.29
377.94
265.98
385.61
319.91
437.90
501.50
614.11
346.99
180.13
374.53
490.78
582.31
406.39
237.68
535.80
236.21
295.74
218.22